101.0 7.0 15.0 9.0 3.0 1.2300000190734863 1.0800000429153442 0.5799999833106995 0.8199999928474426 0.3400000035762787
56.0 8.0 15.0 15.0 3.0 1.2999999523162842 1.1299999952316284 0.5400000214576721 0.7599999904632568 0.10000000149011612
119.0 5.0 15.0 12.0 3.0 0.9900000095367432 1.0800000429153442 0.5799999833106995 0.7799999713897705 0.10000000149011612
87.0 10.0 15.0 11.0 3.0 1.1699999570846558 1.059999942779541 0.5099999904632568 0.8399999737739563 0.10000000149011612
119.0 4.0 15.0 14.0 3.0 1.5 1.0700000524520874 0.5699999928474426 0.8100000023841858 0.9599999785423279
75.0 8.0 15.0 15.0 3.0 1.0 1.0800000429153442 0.5600000023841858 0.8100000023841858 0.10000000149011612
119.0 4.0 15.0 7.0 3.0 1.0299999713897705 1.0800000429153442 0.5400000214576721 0.7900000214576721 0.1599999964237213
76.0 7.0 15.0 10.0 3.0 1.2400000095367432 1.0800000429153442 0.550000011920929 0.800000011920929 0.10000000149011612
46.0 7.0 15.0 15.0 3.0 1.190000057220459 1.1200000047683716 0.5600000023841858 0.7699999809265137 0.10000000149011612
119.0 3.0 15.0 11.0 3.0 1.5 1.0499999523162842 0.5400000214576721 0.7699999809265137 0.6600000262260437
119.0 4.0 15.0 11.0 3.0 0.9200000166893005 1.0700000524520874 0.5400000214576721 0.7900000214576721 0.75
119.0 3.0 15.0 11.0 3.0 1.5 1.0399999618530273 0.5 0.7699999809265137 0.5699999928474426
73.0 4.0 15.0 15.0 3.0 1.0299999713897705 1.0800000429153442 0.5099999904632568 0.7799999713897705 0.47999998927116394
103.0 7.0 15.0 7.0 3.0 1.2200000286102295 1.0800000429153442 0.5799999833106995 0.7799999713897705 0.33000001311302185
77.0 8.0 15.0 15.0 3.0 1.149999976158142 1.0700000524520874 0.5899999737739563 0.7699999809265137 0.10000000149011612
0.0 7.0 15.0 15.0 3.0 1.1299999952316284 1.0800000429153442 0.5699999928474426 0.7599999904632568 0.10000000149011612
76.0 8.0 15.0 15.0 3.0 1.1399999856948853 1.0700000524520874 0.5 0.7200000286102295 0.10000000149011612
88.0 8.0 15.0 15.0 3.0 1.1299999952316284 1.0800000429153442 0.5400000214576721 0.6899999976158142 0.10000000149011612
90.0 7.0 15.0 11.0 3.0 1.2100000381469727 1.100000023841858 0.550000011920929 0.8100000023841858 0.5400000214576721
119.0 4.0 15.0 11.0 3.0 1.4900000095367432 1.0800000429153442 0.5299999713897705 0.7900000214576721 1.0
50.0 7.0 15.0 7.0 3.0 1.0199999809265137 1.0700000524520874 0.5199999809265137 0.8100000023841858 0.10000000149011612
115.0 4.0 15.0 11.0 3.0 1.5 1.0800000429153442 0.5799999833106995 0.8299999833106995 0.9399999976158142
119.0 4.0 15.0 11.0 3.0 1.0 1.0800000429153442 0.5799999833106995 0.7900000214576721 0.8399999737739563
60.0 8.0 15.0 14.0 3.0 1.0099999904632568 1.2400000095367432 0.8199999928474426 0.6299999952316284 0.10000000149011612
67.0 7.0 15.0 12.0 3.0 1.2100000381469727 1.0700000524520874 0.5699999928474426 0.7799999713897705 0.4300000071525574
116.0 8.0 15.0 9.0 3.0 1.0499999523162842 1.0800000429153442 0.5400000214576721 0.7699999809265137 0.10000000149011612
119.0 9.0 15.0 15.0 3.0 1.0399999618530273 1.090000033378601 0.5899999737739563 0.5699999928474426 0.10000000149011612
73.0 7.0 15.0 7.0 3.0 1.2100000381469727 1.0800000429153442 0.5199999809265137 0.7900000214576721 0.5099999904632568
81.0 7.0 15.0 8.0 3.0 1.1100000143051147 1.0700000524520874 0.5600000023841858 0.8299999833106995 0.5099999904632568
79.0 5.0 15.0 15.0 3.0 1.0299999713897705 1.0800000429153442 0.5199999809265137 0.7799999713897705 0.47999998927116394
47.0 8.0 15.0 15.0 3.0 1.1200000047683716 1.1399999856948853 0.5299999713897705 0.7699999809265137 0.10000000149011612
60.0 7.0 15.0 15.0 3.0 1.149999976158142 1.059999942779541 0.5 0.800000011920929 0.10000000149011612
115.0 4.0 15.0 8.0 3.0 1.5 1.0800000429153442 0.5699999928474426 0.7799999713897705 0.38999998569488525
119.0 4.0 15.0 11.0 3.0 1.4800000190734863 1.0700000524520874 0.5899999737739563 0.8100000023841858 0.9700000286102295
78.0 7.0 15.0 9.0 3.0 1.2100000381469727 1.0800000429153442 0.6000000238418579 0.8299999833106995 0.5400000214576721
86.0 5.0 15.0 7.0 3.0 1.0499999523162842 1.0800000429153442 0.6000000238418579 0.8199999928474426 0.46000000834465027
119.0 4.0 15.0 5.0 3.0 1.5 1.0800000429153442 0.5699999928474426 0.8199999928474426 0.3199999928474426
67.0 4.0 15.0 3.0 3.0 1.5 1.0700000524520874 0.5699999928474426 0.7900000214576721 1.0
0.0 10.0 15.0 12.0 3.0 1.309999942779541 1.1799999475479126 0.5 0.7599999904632568 0.10000000149011612
57.0 7.0 15.0 15.0 3.0 1.100000023841858 1.090000033378601 0.5 0.7900000214576721 0.27000001072883606
97.0 7.0 15.0 10.0 3.0 1.090000033378601 1.0800000429153442 0.5799999833106995 0.7799999713897705 0.3700000047683716
103.0 7.0 15.0 11.0 3.0 1.2200000286102295 1.0700000524520874 0.5699999928474426 0.7900000214576721 0.23999999463558197
100.0 11.0 15.0 15.0 3.0 1.1699999570846558 1.0800000429153442 0.5199999809265137 0.7799999713897705 0.10000000149011612
119.0 11.0 15.0 15.0 3.0 1.2100000381469727 1.1200000047683716 0.6299999952316284 0.6499999761581421 0.10000000149011612
119.0 7.0 15.0 6.0 3.0 1.2400000095367432 1.0700000524520874 0.5699999928474426 0.8100000023841858 0.5400000214576721
119.0 4.0 15.0 4.0 3.0 1.5 1.0800000429153442 0.6299999952316284 0.8199999928474426 0.4399999976158142
113.0 10.0 15.0 15.0 3.0 1.2899999618530273 1.2000000476837158 0.5699999928474426 0.6000000238418579 0.10000000149011612
119.0 4.0 15.0 7.0 3.0 1.5 1.0800000429153442 0.5699999928474426 0.8299999833106995 0.33000001311302185
48.0 7.0 15.0 15.0 3.0 1.159999966621399 1.1100000143051147 0.6100000143051147 0.7900000214576721 0.11999999731779099
62.0 7.0 15.0 5.0 3.0 1.2300000190734863 1.100000023841858 0.550000011920929 0.8199999928474426 0.23000000417232513
78.0 4.0 15.0 5.0 3.0 1.5 1.0700000524520874 0.5199999809265137 0.7599999904632568 0.6100000143051147
113.0 10.0 15.0 7.0 3.0 1.3300000429153442 1.090000033378601 0.5099999904632568 0.7699999809265137 0.11999999731779099
15.0 7.0 15.0 6.0 3.0 1.2400000095367432 1.0700000524520874 0.5699999928474426 0.8199999928474426 0.4000000059604645
23.0 10.0 15.0 15.0 3.0 1.2699999809265137 1.1799999475479126 0.5 0.6200000047683716 0.10000000149011612
51.0 10.0 15.0 15.0 3.0 1.1299999952316284 1.0700000524520874 0.6499999761581421 0.7799999713897705 0.10000000149011612
102.0 7.0 15.0 11.0 3.0 1.159999966621399 1.1399999856948853 0.6000000238418579 0.7900000214576721 0.1599999964237213
114.0 4.0 15.0 8.0 3.0 1.5 1.0800000429153442 0.5 0.7699999809265137 0.550000011920929
119.0 3.0 15.0 10.0 3.0 1.5 1.0499999523162842 0.5899999737739563 0.8299999833106995 1.0
52.0 7.0 15.0 5.0 3.0 1.1699999570846558 1.1200000047683716 0.6100000143051147 0.7900000214576721 0.11999999731779099
104.0 8.0 15.0 15.0 3.0 1.4299999475479126 1.1699999570846558 0.6899999976158142 0.5199999809265137 0.10000000149011612
92.0 8.0 15.0 15.0 3.0 1.1200000047683716 1.0700000524520874 0.5 0.6600000262260437 0.10000000149011612
54.0 9.0 15.0 15.0 3.0 1.2599999904632568 1.100000023841858 0.5799999833106995 0.7599999904632568 0.10999999940395355
34.0 10.0 15.0 15.0 3.0 1.059999942779541 1.0700000524520874 0.5 0.7699999809265137 0.12999999523162842
119.0 4.0 15.0 11.0 3.0 1.5 1.0800000429153442 0.5099999904632568 0.7900000214576721 0.6399999856948853
102.0 7.0 15.0 11.0 3.0 1.2100000381469727 1.0700000524520874 0.5699999928474426 0.8100000023841858 0.8899999856948853
72.0 8.0 15.0 15.0 3.0 1.149999976158142 1.0800000429153442 0.5299999713897705 0.75 0.10000000149011612
89.0 15.0 15.0 15.0 3.0 1.399999976158142 1.090000033378601 0.5600000023841858 0.7099999785423279 0.11999999731779099
100.0 7.0 15.0 9.0 3.0 1.2300000190734863 1.0700000524520874 0.5799999833106995 0.8100000023841858 0.10000000149011612
81.0 4.0 15.0 7.0 3.0 1.4600000381469727 1.0800000429153442 0.5099999904632568 0.8199999928474426 0.20999999344348907
69.0 10.0 15.0 15.0 3.0 1.2400000095367432 1.100000023841858 0.6899999976158142 0.800000011920929 0.10000000149011612
83.0 7.0 15.0 6.0 3.0 1.1299999952316284 1.0700000524520874 0.5 0.7799999713897705 0.10000000149011612
72.0 7.0 15.0 15.0 3.0 1.2300000190734863 1.100000023841858 0.5899999737739563 0.7799999713897705 0.27000001072883606
5.0 7.0 15.0 15.0 3.0 1.1299999952316284 1.0700000524520874 0.6299999952316284 0.7799999713897705 0.10000000149011612
38.0 7.0 15.0 4.0 3.0 1.2300000190734863 1.1200000047683716 0.550000011920929 0.7699999809265137 0.25
78.0 11.0 15.0 13.0 3.0 1.2799999713897705 1.2100000381469727 0.5400000214576721 0.7699999809265137 0.10000000149011612
119.0 3.0 15.0 11.0 3.0 1.5 1.0499999523162842 0.5899999737739563 0.8299999833106995 1.0
119.0 7.0 15.0 11.0 3.0 1.0700000524520874 1.0800000429153442 0.5899999737739563 0.7599999904632568 0.10000000149011612
20.0 11.0 15.0 15.0 3.0 1.2200000286102295 1.1699999570846558 0.5799999833106995 0.6499999761581421 0.10000000149011612
54.0 7.0 15.0 12.0 3.0 0.9700000286102295 1.0800000429153442 0.5699999928474426 0.7799999713897705 0.10999999940395355
102.0 8.0 15.0 15.0 3.0 1.25 1.100000023841858 0.7900000214576721 0.800000011920929 0.11999999731779099
0.0 10.0 15.0 15.0 3.0 1.159999966621399 1.1699999570846558 0.6600000262260437 0.6800000071525574 0.14000000059604645
93.0 10.0 15.0 14.0 3.0 1.2200000286102295 1.059999942779541 0.5 0.8399999737739563 0.10000000149011612
109.0 12.0 15.0 15.0 3.0 1.0 1.1799999475479126 0.8199999928474426 0.5 0.10000000149011612
117.0 8.0 15.0 15.0 3.0 1.2799999713897705 1.159999966621399 0.5600000023841858 0.6499999761581421 0.10000000149011612
33.0 8.0 15.0 15.0 3.0 1.3300000429153442 1.1399999856948853 0.6499999761581421 0.8199999928474426 0.10000000149011612
36.0 9.0 15.0 15.0 3.0 1.0199999809265137 1.090000033378601 0.5 0.6299999952316284 0.10000000149011612
92.0 10.0 15.0 14.0 3.0 1.1200000047683716 1.2400000095367432 0.8100000023841858 0.6600000262260437 0.10000000149011612
104.0 8.0 15.0 14.0 3.0 1.0700000524520874 1.2400000095367432 0.8500000238418579 0.6299999952316284 0.10000000149011612
6.0 7.0 15.0 15.0 3.0 1.2799999713897705 1.1200000047683716 0.6499999761581421 0.8399999737739563 0.11999999731779099
86.0 12.0 15.0 12.0 3.0 1.399999976158142 1.1799999475479126 0.5 0.800000011920929 0.10000000149011612
89.0 15.0 15.0 15.0 3.0 1.3200000524520874 1.100000023841858 0.7200000286102295 0.7300000190734863 0.11999999731779099
98.0 12.0 15.0 13.0 3.0 1.4299999475479126 1.190000057220459 0.5 0.75 0.10000000149011612
101.0 15.0 14.0 15.0 3.0 1.3300000429153442 1.100000023841858 1.090000033378601 0.7099999785423279 0.12999999523162842
49.0 10.0 15.0 14.0 3.0 1.0199999809265137 1.1100000143051147 0.8799999952316284 0.6499999761581421 0.10000000149011612
57.0 8.0 15.0 15.0 3.0 1.090000033378601 1.0800000429153442 0.5 0.75 0.23000000417232513
88.0 11.0 15.0 15.0 3.0 1.2100000381469727 1.1799999475479126 0.6000000238418579 0.5299999713897705 0.10000000149011612
118.0 8.0 15.0 15.0 3.0 1.0499999523162842 1.1699999570846558 0.800000011920929 0.6700000166893005 0.10000000149011612
0.0 10.0 12.0 12.0 10.0 1.2100000381469727 1.2000000476837158 0.800000011920929 0.550000011920929 0.12999999523162842
105.0 14.0 13.0 10.0 3.0 1.2699999809265137 1.1799999475479126 1.149999976158142 0.5 0.10999999940395355
105.0 15.0 13.0 13.0 4.0 1.340000033378601 1.2000000476837158 0.949999988079071 0.6000000238418579 0.14000000059604645
