6 13 24 26 13 1.55 1.17 0.93 1.58 0.48 0.40 11.0 7.9 9.8 8.1 29.9
11 13 24 28 13 1.60 1.03 0.96 1.59 0.49 0.27 11.5 7.9 9.8 8.5 30.0
10 13 25 29 13 1.58 1.24 0.86 1.60 0.38 0.18 12.0 7.8 10.0 8.2 30.0
7 13 24 28 12 1.41 1.18 1.01 1.59 0.14 0.32 11.0 8.1 9.7 7.8 29.7
11 13 4 23 11 1.48 1.12 0.73 1.15 0.31 0.27 10.7 7.9 10.4 5.4 30.0
0 18 23 27 30 1.21 1.17 1.03 1.65 0.41 0.44 11.0 8.7 10.7 6.7 29.6
11 15 5 30 21 1.49 1.10 1.26 1.45 0.15 0.10 9.2 9.0 8.0 6.1 16.4
10 13 24 28 13 1.59 1.03 0.97 1.59 0.43 0.26 11.5 7.9 9.8 8.1 30.0
23 11 25 26 20 1.07 1.13 1.07 1.64 0.35 0.57 11.9 8.4 10.8 8.6 29.4
10 13 24 27 13 1.38 1.21 0.89 1.59 0.55 0.26 11.5 7.9 9.8 8.2 30.0
11 13 24 28 13 1.60 1.03 0.96 1.59 0.49 0.27 11.5 7.9 9.8 8.5 30.0
23 11 25 26 20 1.07 1.13 1.07 1.64 0.35 0.57 11.9 8.4 10.8 8.6 29.4
11 13 4 23 11 1.48 1.12 0.73 1.15 0.31 0.27 10.7 7.9 10.4 5.4 30.0
21 13 22 28 12 1.54 1.18 0.99 1.62 0.30 0.37 11.1 8.2 10.0 4.8 29.8
10 13 25 26 13 1.46 1.17 0.96 1.60 0.38 0.27 11.7 7.9 8.1 7.1 29.9
6 13 25 26 13 1.65 1.02 0.81 1.61 0.36 0.35 11.5 8.2 9.5 8.8 29.9
6 17 25 26 30 1.06 1.17 1.04 1.63 0.39 0.33 10.9 8.3 9.9 7.0 30.0
21 13 22 28 12 1.54 1.18 0.99 1.62 0.30 0.37 11.1 8.2 10.0 4.8 29.8
0 18 23 27 30 1.21 1.17 1.03 1.65 0.41 0.44 11.0 8.7 10.7 6.7 29.6
11 13 24 27 13 1.40 1.17 1.01 1.59 0.66 0.27 11.5 7.9 9.8 8.5 30.0
10 15 25 30 13 1.58 1.32 0.73 1.61 0.31 0.49 11.7 8.0 9.9 8.2 29.9
14 15 24 27 30 1.70 1.20 1.13 1.60 0.24 0.48 10.6 8.3 10.9 7.4 30.0
23 15 24 28 30 0.96 1.11 1.07 1.67 0.32 0.50 11.3 8.7 10.8 8.0 29.5
23 11 25 26 20 1.07 1.13 1.07 1.64 0.35 0.57 11.9 8.4 10.8 8.6 29.4
0 18 23 27 30 1.21 1.17 1.03 1.65 0.41 0.44 11.0 8.7 10.7 6.7 29.6
21 13 22 28 12 1.54 1.18 0.99 1.62 0.30 0.37 11.1 8.2 10.0 4.8 29.8
0 18 23 27 30 1.21 1.17 1.03 1.65 0.41 0.44 11.0 8.7 10.7 6.7 29.6
7 13 16 29 26 1.32 1.19 1.11 1.76 0.42 0.51 11.8 8.2 11.4 5.6 16.5
6 15 23 27 30 1.04 1.19 1.08 1.44 0.27 0.41 7.6 8.8 11.1 5.9 15.7
15 26 30 19 25 1.46 1.28 1.03 1.52 0.34 0.77 7.3 7.9 10.7 6.4 30.0
8 26 11 20 25 1.50 1.34 1.01 1.68 0.24 0.91 10.9 7.7 11.3 2.9 9.9
14 16 10 19 26 1.68 1.95 1.30 1.10 0.34 0.60 6.7 9.2 9.6 1.1 18.5
8 14 22 27 30 1.55 1.22 1.04 1.49 0.16 0.67 6.5 8.1 9.6 3.2 29.7
15 20 24 26 30 1.38 1.13 1.20 1.60 0.27 0.40 10.5 8.2 10.3 8.1 30.0
8 14 22 27 30 1.55 1.22 1.04 1.49 0.16 0.67 6.5 8.1 9.6 3.2 29.7
8 13 24 25 13 1.55 1.31 0.74 1.59 0.38 0.33 11.5 7.8 9.9 7.6 29.9
8 13 24 25 13 1.55 1.31 0.74 1.59 0.38 0.33 11.5 7.8 9.9 7.6 29.9
8 13 25 26 13 1.58 1.18 0.82 1.59 0.39 0.41 11.6 7.9 9.8 6.0 29.9
8 13 25 26 13 1.58 1.18 0.82 1.59 0.39 0.41 11.6 7.9 9.8 6.0 29.9
8 13 25 26 13 1.58 1.18 0.82 1.59 0.39 0.41 11.6 7.9 9.8 6.0 29.9
8 13 25 26 13 1.58 1.18 0.82 1.59 0.39 0.41 11.6 7.9 9.8 6.0 29.9
8 13 25 26 13 1.58 1.18 0.82 1.59 0.39 0.41 11.6 7.9 9.8 6.0 29.9
8 13 25 26 13 1.58 1.18 0.82 1.59 0.39 0.41 11.6 7.9 9.8 6.0 29.9
8 13 25 26 13 1.58 1.18 0.82 1.59 0.39 0.41 11.6 7.9 9.8 6.0 29.9
8 13 25 26 13 1.58 1.18 0.82 1.59 0.39 0.41 11.6 7.9 9.8 6.0 29.9
8 13 28 25 13 1.42 1.14 0.72 1.59 0.38 0.53 11.8 7.8 10.7 7.8 29.9
11 13 24 28 13 1.59 1.07 0.83 1.59 0.44 0.27 11.5 7.9 9.8 8.6 30.0
23 13 23 25 15 1.42 1.17 0.81 1.94 0.47 0.28 11.9 8.2 10.7 8.8 30.0
10 13 24 28 13 1.58 1.07 0.84 1.59 0.38 0.26 11.5 7.9 9.8 8.2 30.0
23 13 23 25 15 1.42 1.17 0.81 1.94 0.47 0.28 11.9 8.2 10.7 8.8 30.0
8 13 28 25 13 1.42 1.14 0.72 1.59 0.38 0.53 11.8 7.8 10.7 7.8 29.9
8 13 28 26 13 1.40 1.10 0.71 1.59 0.36 0.56 12.0 7.9 10.8 8.5 29.8
11 13 25 26 13 1.47 1.20 0.95 1.60 0.38 0.36 11.8 8.0 7.1 8.5 29.9
10 13 24 28 13 1.58 1.07 0.84 1.59 0.38 0.26 11.5 7.9 9.8 8.2 30.0
11 13 24 27 13 1.57 1.17 0.80 1.59 0.35 0.31 11.5 7.9 9.8 7.4 30.0
23 13 23 25 15 1.42 1.17 0.81 1.94 0.47 0.28 11.9 8.2 10.7 8.8 30.0
8 13 28 26 13 1.40 1.10 0.71 1.59 0.36 0.56 12.0 7.9 10.8 8.5 29.8
19 13 24 26 13 1.53 1.20 1.08 1.61 0.27 0.36 11.6 8.2 9.9 8.9 29.8
9 13 24 26 13 1.46 1.17 1.10 1.59 0.56 0.31 11.5 7.9 9.8 7.9 30.0
9 13 25 25 13 1.43 1.26 0.87 1.58 0.29 0.60 11.6 8.2 9.5 7.8 29.8
20 13 25 26 13 1.31 1.17 0.77 1.60 0.39 0.51 11.5 7.8 9.8 7.7 29.9
23 13 23 27 30 1.49 1.13 1.15 1.64 0.37 0.49 9.9 8.7 11.8 4.6 29.8
4 13 25 28 13 1.33 0.99 0.97 1.61 0.47 0.43 11.5 7.9 9.8 8.8 30.0
10 13 25 26 13 1.49 1.27 0.96 1.60 0.38 0.32 11.7 8.2 9.2 7.1 29.8
3 14 12 8 29 1.53 1.23 1.00 1.01 0.73 0.45 10.9 11.0 11.4 6.6 20.2
18 13 24 28 22 1.16 1.16 0.99 1.65 0.41 0.43 11.0 8.7 11.0 4.9 29.6
13 9 5 30 22 1.08 1.26 1.34 1.56 0.32 0.30 9.2 8.8 11.1 3.7 30.0
13 9 5 30 22 1.08 1.26 1.34 1.56 0.32 0.30 9.2 8.8 11.1 3.7 30.0
9 13 25 25 13 1.57 1.17 0.87 1.58 0.46 0.33 11.5 7.9 9.1 8.1 29.9
18 11 18 21 19 1.27 1.14 1.07 1.82 0.31 0.72 11.5 8.6 10.4 6.0 30.0
12 13 24 27 13 1.41 1.17 1.08 1.59 0.76 0.31 11.5 7.9 9.8 7.8 29.9
14 13 24 28 13 1.55 1.17 0.93 1.58 0.53 0.55 10.9 7.9 9.7 7.6 29.9
12 13 24 26 13 1.45 1.17 0.98 1.58 0.39 0.28 12.0 7.9 8.6 7.3 29.9
9 13 25 25 13 1.55 1.04 0.94 1.59 0.43 0.34 11.5 7.9 10.0 7.7 29.9
8 14 24 26 13 1.59 1.11 0.76 1.61 0.38 0.48 11.0 7.9 9.9 5.9 29.9
9 13 23 28 13 1.58 1.05 0.89 1.59 0.40 0.40 10.9 8.1 9.8 8.3 29.8
8 14 24 26 13 1.59 1.11 0.76 1.61 0.38 0.48 11.0 7.9 9.9 5.9 29.9
14 11 24 28 14 1.19 1.14 1.06 1.61 0.38 0.57 11.0 7.8 9.9 8.2 29.7
17 11 4 22 19 1.30 1.08 0.73 1.13 0.53 0.27 9.3 7.9 8.5 5.1 30.0
17 11 4 22 19 1.30 1.08 0.73 1.13 0.53 0.27 9.3 7.9 8.5 5.1 30.0
17 11 4 22 19 1.30 1.08 0.73 1.13 0.53 0.27 9.3 7.9 8.5 5.1 30.0
17 11 4 22 19 1.30 1.08 0.73 1.13 0.53 0.27 9.3 7.9 8.5 5.1 30.0
17 11 4 22 19 1.30 1.08 0.73 1.13 0.53 0.27 9.3 7.9 8.5 5.1 30.0
17 11 4 22 19 1.30 1.08 0.73 1.13 0.53 0.27 9.3 7.9 8.5 5.1 30.0
17 11 4 22 19 1.30 1.08 0.73 1.13 0.53 0.27 9.3 7.9 8.5 5.1 30.0
17 11 4 22 19 1.30 1.08 0.73 1.13 0.53 0.27 9.3 7.9 8.5 5.1 30.0
17 11 4 22 19 1.30 1.08 0.73 1.13 0.53 0.27 9.3 7.9 8.5 5.1 30.0
17 11 4 22 19 1.30 1.08 0.73 1.13 0.53 0.27 9.3 7.9 8.5 5.1 30.0
17 11 4 22 19 1.30 1.08 0.73 1.13 0.53 0.27 9.3 7.9 8.5 5.1 30.0
17 11 4 22 19 1.30 1.08 0.73 1.13 0.53 0.27 9.3 7.9 8.5 5.1 30.0
17 11 4 22 19 1.30 1.08 0.73 1.13 0.53 0.27 9.3 7.9 8.5 5.1 30.0
17 11 4 22 19 1.30 1.08 0.73 1.13 0.53 0.27 9.3 7.9 8.5 5.1 30.0
17 11 4 22 19 1.30 1.08 0.73 1.13 0.53 0.27 9.3 7.9 8.5 5.1 30.0
8 13 25 26 13 1.53 1.37 0.70 1.60 0.38 0.32 11.5 8.5 9.9 8.6 29.8
8 13 25 26 13 1.53 1.37 0.70 1.60 0.38 0.32 11.5 8.5 9.9 8.6 29.8
17 11 4 22 19 1.30 1.08 0.73 1.13 0.53 0.27 9.3 7.9 8.5 5.1 30.0
17 11 4 22 19 1.30 1.08 0.73 1.13 0.53 0.27 9.3 7.9 8.5 5.1 30.0
17 11 4 22 19 1.30 1.08 0.73 1.13 0.53 0.27 9.3 7.9 8.5 5.1 30.0
17 11 4 22 19 1.30 1.08 0.73 1.13 0.53 0.27 9.3 7.9 8.5 5.1 30.0
17 11 4 22 19 1.30 1.08 0.73 1.13 0.53 0.27 9.3 7.9 8.5 5.1 30.0
