35 15 12 29 30 1.32 1.59 0.77 1.11 0.64 0.67 10.5 8.5 9.0 8.3 30.0
35 15 12 27 30 1.51 1.58 0.88 1.11 0.64 0.66 10.1 8.6 14.5 8.5 30.0
35 15 12 29 30 1.33 1.59 0.88 1.11 0.64 0.63 10.9 8.7 14.1 8.0 29.9
35 15 12 24 30 1.51 1.58 0.23 1.11 0.64 0.80 8.5 8.5 1.0 8.4 30.0
36 15 12 23 30 1.32 1.60 0.14 1.11 0.64 1.00 11.1 8.5 1.0 8.4 30.0
35 15 12 23 30 1.30 1.58 0.10 1.12 0.64 0.80 10.7 8.5 1.0 8.4 30.0
35 15 12 30 27 1.38 1.58 1.19 1.11 0.64 0.56 11.0 8.3 9.6 8.2 30.0
35 15 12 29 30 1.32 1.59 0.76 1.11 0.64 0.67 10.7 8.5 9.0 7.8 30.0
36 15 12 26 27 1.36 1.63 1.01 1.11 0.64 0.73 10.4 8.4 9.6 7.8 30.0
37 15 12 24 30 1.40 1.57 0.23 1.12 0.64 0.83 11.6 8.5 1.0 8.4 30.0
35 15 12 24 30 1.34 1.57 0.16 1.11 0.64 0.80 9.0 8.5 1.0 8.4 30.0
35 15 12 24 30 1.34 1.57 0.16 1.11 0.64 0.80 9.0 8.5 1.0 8.4 30.0
35 15 12 30 30 1.32 1.57 0.74 1.11 0.64 0.67 10.4 8.5 9.8 8.4 29.9
37 15 12 24 30 1.39 1.57 0.23 1.12 0.64 0.80 8.4 8.5 1.0 8.4 30.0
35 15 12 24 30 1.35 1.57 0.16 1.11 0.64 0.83 12.2 8.5 1.0 8.4 30.0
35 15 12 30 30 1.35 1.58 0.58 1.12 0.64 0.66 11.5 8.6 4.2 8.3 30.0
35 15 12 28 30 1.32 1.59 0.57 1.11 0.64 0.67 10.9 8.3 15.0 8.4 30.0
36 15 12 23 30 1.50 1.61 0.21 1.11 0.64 1.00 11.2 8.4 1.0 8.4 30.0
38 15 12 23 26 1.47 1.57 0.22 1.12 0.64 0.82 11.1 8.5 1.0 8.4 29.1
35 15 12 30 30 1.38 1.58 0.54 1.11 0.64 0.67 12.4 8.3 15.0 8.5 30.0
35 15 12 28 30 1.29 1.57 0.60 1.11 0.64 0.67 10.8 8.6 15.0 8.4 30.0
35 15 12 23 30 1.30 1.58 0.10 1.12 0.64 0.80 10.7 8.5 1.0 8.4 30.0
38 15 12 24 27 1.45 1.65 1.06 1.12 0.64 0.70 10.1 8.5 12.4 7.6 29.8
35 15 12 27 30 1.37 1.59 0.85 1.11 0.64 0.67 9.9 8.5 13.3 8.5 30.0
35 15 12 27 30 1.51 1.58 0.88 1.11 0.64 0.66 10.1 8.6 14.5 8.5 30.0
35 15 12 29 30 1.30 1.57 0.75 1.11 0.64 0.66 8.7 8.3 10.1 8.0 29.9
35 15 12 28 30 1.33 1.58 1.13 1.11 0.64 0.61 8.5 8.6 7.4 8.5 29.9
35 15 12 27 30 1.51 1.58 0.88 1.11 0.64 0.66 10.1 8.6 14.5 8.5 30.0
37 15 12 24 30 1.40 1.57 0.23 1.12 0.64 0.83 11.6 8.5 1.0 8.4 30.0
35 15 12 29 30 1.36 1.57 0.87 1.11 0.64 0.67 10.1 8.5 10.1 8.2 29.9
35 15 12 30 27 1.38 1.58 1.19 1.11 0.64 0.56 11.0 8.3 9.6 8.2 30.0
35 15 12 27 30 1.32 1.57 0.56 1.11 0.64 0.66 10.9 8.3 11.1 8.5 30.0
35 15 12 30 30 1.32 1.57 0.78 1.11 0.64 0.67 10.8 8.5 8.1 8.2 29.9
36 15 12 26 27 1.36 1.63 1.01 1.11 0.64 0.73 10.4 8.4 9.6 7.8 30.0
35 15 12 24 30 1.34 1.57 0.16 1.11 0.64 0.80 9.0 8.5 1.0 8.4 30.0
36 15 12 29 30 1.33 1.58 0.91 1.11 0.64 0.61 11.0 8.5 13.0 7.9 29.9
35 15 12 28 30 1.42 1.58 0.61 1.11 0.64 0.68 10.8 8.2 15.0 8.4 30.0
35 15 12 28 30 1.37 1.58 1.12 1.11 0.64 0.65 9.7 8.3 11.1 8.4 30.0
35 15 12 29 30 1.34 1.61 0.77 1.11 0.64 0.68 10.8 8.1 13.8 8.1 29.9
38 15 12 23 26 1.47 1.57 0.22 1.12 0.64 0.82 11.1 8.5 1.0 8.4 29.1
35 15 12 27 30 1.51 1.58 0.88 1.11 0.64 0.66 10.1 8.6 14.5 8.5 30.0
35 15 12 28 30 1.33 1.58 1.13 1.11 0.64 0.61 8.5 8.6 7.4 8.5 29.9
35 15 12 29 30 1.35 1.58 0.56 1.11 0.64 0.66 11.2 8.1 9.8 8.5 30.0
38 15 12 23 26 1.47 1.57 0.22 1.12 0.64 0.82 11.1 8.5 1.0 8.4 29.1
35 15 12 29 30 1.32 1.58 0.77 1.11 0.64 0.67 10.5 8.7 8.7 8.3 29.9
36 15 12 26 27 1.36 1.63 1.01 1.11 0.64 0.73 10.4 8.4 9.6 7.8 30.0
35 15 12 28 30 1.32 1.57 0.80 1.11 0.64 0.66 9.1 8.5 9.2 7.8 29.9
35 15 12 27 30 1.47 1.58 0.76 1.12 0.64 0.67 9.5 8.6 11.3 8.6 30.0
38 15 12 23 26 1.47 1.57 0.22 1.12 0.64 0.82 11.1 8.5 1.0 8.4 29.1
38 15 12 23 26 1.47 1.57 0.22 1.12 0.64 0.82 11.1 8.5 1.0 8.4 29.1
35 15 12 28 30 1.42 1.58 0.61 1.11 0.64 0.68 10.8 8.2 15.0 8.4 30.0
35 15 12 28 30 1.33 1.58 0.59 1.11 0.64 0.67 10.8 8.3 15.0 8.4 30.0
36 15 12 23 30 1.49 1.61 0.21 1.11 0.64 1.00 10.6 8.5 1.0 8.4 30.0
35 15 12 28 30 1.42 1.58 0.61 1.11 0.64 0.68 10.8 8.2 15.0 8.4 30.0
38 15 12 23 26 1.47 1.57 0.22 1.12 0.64 0.82 11.1 8.5 1.0 8.4 29.1
37 15 12 21 30 1.50 1.61 0.22 1.12 0.64 0.99 11.4 8.4 1.0 8.4 30.0
35 15 12 28 30 1.42 1.58 0.61 1.11 0.64 0.68 10.8 8.2 15.0 8.4 30.0
35 15 12 29 30 1.32 1.59 0.76 1.11 0.64 0.67 10.7 8.5 9.0 7.8 30.0
35 15 12 28 30 1.42 1.58 0.61 1.11 0.64 0.68 10.8 8.2 15.0 8.4 30.0
35 15 12 24 30 1.34 1.57 0.16 1.11 0.64 0.80 9.0 8.5 1.0 8.4 30.0
35 15 12 20 30 1.42 1.58 0.25 1.11 0.64 0.83 8.3 8.6 1.0 8.4 30.0
38 15 12 23 26 1.47 1.57 0.22 1.12 0.64 0.82 11.1 8.5 1.0 8.4 29.1
78 15 29 30 24 1.49 1.33 1.10 1.86 0.10 0.25 11.4 7.8 9.4 5.9 29.4
38 15 12 23 26 1.47 1.57 0.22 1.12 0.64 0.82 11.1 8.5 1.0 8.4 29.1
35 15 12 29 30 1.32 1.58 0.77 1.11 0.64 0.67 10.5 8.7 8.7 8.3 29.9
35 15 12 23 30 1.30 1.58 0.10 1.12 0.64 0.80 10.7 8.5 1.0 8.4 30.0
35 15 12 30 30 1.36 1.57 0.78 1.11 0.64 0.67 10.0 8.6 9.1 8.2 29.9
35 15 12 28 30 1.42 1.58 0.61 1.11 0.64 0.68 10.8 8.2 15.0 8.4 30.0
36 15 12 26 27 1.36 1.63 1.01 1.11 0.64 0.73 10.4 8.4 9.6 7.8 30.0
35 15 12 28 30 1.32 1.57 0.80 1.11 0.64 0.66 9.1 8.5 9.2 7.8 29.9
35 15 12 29 30 1.34 1.61 0.77 1.11 0.64 0.68 10.8 8.1 13.8 8.1 29.9
78 15 29 30 24 1.49 1.33 1.10 1.86 0.10 0.25 11.4 7.8 9.4 5.9 29.4
35 15 12 28 30 1.42 1.58 0.61 1.11 0.64 0.68 10.8 8.2 15.0 8.4 30.0
38 15 12 23 26 1.47 1.57 0.22 1.12 0.64 0.82 11.1 8.5 1.0 8.4 29.1
35 15 12 28 30 1.42 1.58 0.61 1.11 0.64 0.68 10.8 8.2 15.0 8.4 30.0
35 15 12 28 30 1.42 1.58 0.61 1.11 0.64 0.68 10.8 8.2 15.0 8.4 30.0
35 15 12 29 30 1.34 1.57 0.58 1.11 0.64 0.67 10.9 8.3 4.2 8.2 30.0
35 15 12 29 30 1.30 1.58 0.66 1.11 0.64 0.67 10.8 8.2 14.7 8.2 30.0
78 15 29 30 24 1.49 1.33 1.10 1.86 0.10 0.25 11.4 7.8 9.4 5.9 29.4
36 15 12 26 27 1.36 1.63 1.01 1.11 0.64 0.73 10.4 8.4 9.6 7.8 30.0
35 15 12 28 30 1.32 1.57 0.80 1.11 0.64 0.66 9.1 8.5 9.2 7.8 29.9
35 15 12 27 30 1.51 1.58 0.88 1.11 0.64 0.66 10.1 8.6 14.5 8.5 30.0
78 15 29 30 24 1.49 1.33 1.10 1.86 0.10 0.25 11.4 7.8 9.4 5.9 29.4
78 15 29 30 24 1.49 1.33 1.10 1.86 0.10 0.25 11.4 7.8 9.4 5.9 29.4
23 13 27 30 26 1.23 1.30 1.13 1.59 0.34 0.37 10.2 8.6 9.9 7.4 30.0
33 10 24 30 14 1.25 1.07 1.21 1.52 0.20 0.46 7.8 8.5 10.4 7.8 29.3
73 15 9 27 21 1.47 1.36 1.38 1.84 0.22 0.37 7.7 9.0 10.6 7.5 27.7
41 13 24 29 14 1.30 1.14 0.98 1.36 0.18 0.30 9.6 8.4 11.2 7.8 29.3
78 15 29 30 24 1.49 1.33 1.10 1.86 0.10 0.25 11.4 7.8 9.4 5.9 29.4
14 13 26 29 23 1.23 1.34 1.11 1.57 0.35 0.37 10.1 8.6 10.2 7.5 28.2
14 13 26 29 23 1.23 1.34 1.11 1.57 0.35 0.37 10.1 8.6 10.2 7.5 28.2
78 15 29 30 24 1.49 1.33 1.10 1.86 0.10 0.25 11.4 7.8 9.4 5.9 29.4
14 13 26 29 23 1.23 1.34 1.11 1.57 0.35 0.37 10.1 8.6 10.2 7.5 28.2
14 13 26 29 23 1.23 1.34 1.11 1.57 0.35 0.37 10.1 8.6 10.2 7.5 28.2
14 13 26 29 23 1.23 1.34 1.11 1.57 0.35 0.37 10.1 8.6 10.2 7.5 28.2
14 13 26 29 23 1.23 1.34 1.11 1.57 0.35 0.37 10.1 8.6 10.2 7.5 28.2
14 13 26 29 23 1.23 1.34 1.11 1.57 0.35 0.37 10.1 8.6 10.2 7.5 28.2
14 13 26 29 23 1.23 1.34 1.11 1.57 0.35 0.37 10.1 8.6 10.2 7.5 28.2
14 13 26 29 23 1.23 1.34 1.11 1.57 0.35 0.37 10.1 8.6 10.2 7.5 28.2
78 15 29 30 24 1.49 1.33 1.10 1.86 0.10 0.25 11.4 7.8 9.4 5.9 29.4
