0.7836111144313993 0.6391189436524262
0.7768711947388851 0.7312816979813305
0.7807224387332377 0.7040281094259002
0.7841536893766913 0.60997776571129
0.7794632892525494 0.7145191237599805
0.7709302365718509 0.7451511823816905
0.7799788437994842 0.7066314579743082
0.7857110489732401 0.538624087980037
0.7807593568544863 0.7034497479415988
0.7735686941539782 0.738664075854045
0.7834803305913599 0.6549704199718188
0.7811445275573 0.6942340788787119
0.7833330002866212 0.6572852114623794
0.784407791625474 0.5921622875618134
0.7829559165526038 0.6761424523287147
0.7839200176431876 0.6228657202340256
0.7835736419465356 0.6398881673140232
0.7835996526659808 0.6396280057077549
0.7589548235452582 0.757952968347253
0.7838394580406499 0.6257017079604483
0.7809111883108727 0.7012001152285724
0.7794007749015364 0.7159706648298013
0.7787225758981776 0.7169765633556399
0.7828813602973729 0.6765065630784421
0.7821395911162377 0.6874518303894395
0.7830601959475953 0.674681487552622
0.7820249732451307 0.6882605377807637
0.7739057894624742 0.735149996886586
0.7806086841078907 0.704334181903863
0.7835650538976319 0.6407604738762172
0.7831610437161679 0.6718679239558669
0.783993179064473 0.6185372979450781
0.7795017176449562 0.7109235469824947
0.7828398773527242 0.6768126355564049
0.7831248081338468 0.673306464602292
0.7836300033381108 0.6386896673447015
0.7825876215558691 0.6774272348671065
0.7809346285616182 0.7009657435648333
0.7834446058263417 0.6557509047906239
0.7785633788627768 0.7180333796474735
0.781267312556112 0.6936235220347003
0.7820780717348674 0.6880341813709058
0.7822881561722203 0.6793409097234258
0.7820188921314262 0.6895928478080136
0.7856166577916418 0.5508669870985482
0.7838550682027087 0.6249365267655413
0.7830745414074587 0.6740764631024659
0.7829922559648229 0.6756527363639743
0.7755956890600113 0.7344170640209143
0.784138754482309 0.6139944356783719
0.7792214344236975 0.7166005677644011
0.7808699706916727 0.7024397087643216
0.7818337846853614 0.6916627813162038
0.7835674889870977 0.6401412084145222
0.7822468505876623 0.6852585948667386
0.7776430450516016 0.725594091722206
0.7809582548329597 0.7001135579318045
0.783889263661981 0.6240877069453742
0.7795694510330403 0.7101277585397915
0.7839044074811289 0.6236309014289325
0.782264365680525 0.6801213945422309
0.7820191553642456 0.6888041798710797
0.7830960942756889 0.6739387304873827
0.7844378805532124 0.5904373411938689
0.7834430450976613 0.6564007775001153
0.7838418931301158 0.6250824424987532
0.7838148273564146 0.6386823572498982
0.7834878903125616 0.6546360434465623
0.7853574507577998 0.5520147588909087
0.7829727750907007 0.6758516834746501
0.7821814319753657 0.6873140977743563
0.7846904655917747 0.5610849905572382
0.7791718162354394 0.7167995148750769
0.7800991213547112 0.7044566108950481
0.7834229408720828 0.656706849978078
0.7819444539611053 0.6908242582256341
0.7558978137294299 0.7581318225698473
0.7820162360001016 0.6902121132697085
0.7807939143401939 0.703250800830923
0.7701808391162701 0.7455201625634302
0.7808695685267253 0.703036550096349
0.7842699559444194 0.6053124636228601
0.7839408939594196 0.6222688789019982
0.7822596382657748 0.6819071012330462
0.7781181512619946 0.7222219526336322
0.7843768310699062 0.5949672138677181
0.784311881629427 0.5970380203992338
0.7769216913927107 0.7265575895630223
0.783886828572515 0.6247069724070693
0.7830598586933679 0.6753772711338077
0.7835428449423731 0.6535188789019982
0.7835071201773548 0.6542993637208033
0.783468282903991 0.6552530057077549
0.772484764445052 0.7414983250696875
0.7843009164999873 0.6025075373169554
0.7689614225205202 0.7486109043319596
0.7624546533786392 0.7498705227181647
0.7610513026778152 0.7511400549753365
0.759526300238062 0.7518987074760493
0.7273723203151359 0.7610229010214736
